179308072
179300408
179317757
179316109
179259446
179309454
179292068
179310948
179308339
179308119
179302731
179297348
179310746
179315705
179314756
179319812
179333185
179262002
179199896
179331823
179319080
179349670
179311903
179349574
179295634
179166112
179341915
179318791
177457462
179335289
179318059
179287908
179220149
179342127
179338004
179308272
179363944
179341394
179360343
179308793
179285340
179343038
179353796
179352741
179348680
179325541
179354717
179353738
179357268
179357016
179333314
179355972
179355654
179356326
179295263
