179937135
179884405
179908181
179909695
179911571
179896163
179936995
179921335
179937072
179800158
179894908
179913081
179921307
179930383
179919284
179921383
179932209
179926761
179903210
179942211
178044470
179895866
179936149
179617343
179921369
179932761
179840698
179847414
179956330
179938241
179931492
179955044
179844406
179907657
179900384
179759784
179931059
179950313
179948789
179920036
179948781
179925163
179797218
179899564
179812878
179956082
179909798
179932496
179931362
179952147
179835895
179875217
179945523
179951736
179910648
