179964039
179773466
179971316
179970401
179970027
179972347
179960529
179973076
179823021
179973395
179958763
179972794
179958808
179975414
179951552
179983951
179948350
179974907
179820939
179948287
179965804
179970779
179906308
179978108
179884373
179905477
179989791
179988422
179970306
179999828
178396462
180007764
179955137
179958687
179956721
179979880
180009188
180009781
179976155
179997860
179993062
179727781
179951659
179984632
179991985
179999609
180013428
179956169
179995689
179993235
179952272
180009348
179969909
179972378
180009441
179888604
179996424
179993344
179992292
179999499
180018539
179905593
179980247
179500798
180011160
179964047
179969465
180010668
179919326
179976393
179970611
179970122
179873825
180014885
180005270
180024759
180012401
179896421
179952916
179982386
180011094
180017496
179989753
180028667
180028736
179934479
179812546
180022831
180012714
180022982
180028021
180023400
180026274
180024641
180028012
180009179
179954341
179978499
180027222
180028508
180031136
179982215
179836474
179989982
