179510943
179531781
179530534
179511751
179499166
179530850
179514467
179530317
179523423
179524612
179452391
179529903
179490808
179530372
179484832
179530485
179527991
179498500
179508431
179531479
179207440
179532607
178977328
179513445
179529153
179514570
179514299
179062736
179504679
179500239
179530260
179532555
179535954
179499578
179535714
179538304
179489155
179553823
179553317
179530216
179552517
179459018
179540311
179549843
179535012
179555270
179542638
178990490
179499494
179358842
179533452
179521869
