179452636
179444186
179447464
179424933
179451958
179452033
179451360
179452412
178828726
179287581
179439686
179378980
179449381
179447912
179372553
179444468
179447682
179408417
179451966
179390341
179453440
179438592
179398152
179436952
179452590
179438717
179467476
179425766
179452369
179432516
179439111
179460506
179419841
179468291
179452885
179343443
179029880
179365294
179467641
179445733
179467722
179448201
179468298
179468177
179477774
179431092
179471608
179459682
179409602
179444735
179458041
179467565
179483888
179241576
179401067
179467559
179469565
179468224
179445258
179467524
179480763
179427658
179423343
179366379
179361244
179466131
179418676
179496936
179458138
179494159
179493556
179411042
179464227
179396462
179491218
179199184
179469339
179449494
179487881
179437709
179488027
179486359
179332125
