179633350
179368700
179633693
179617123
179623456
179625365
179626356
179501715
179627425
179627463
179614928
179625150
179619721
179487533
179633636
179637254
179640556
179639414
179633580
179634196
179637230
179642400
179635783
179639066
179640537
179627118
179589655
179632959
179650383
179650693
179633501
179635599
179636887
179632930
179632600
179635526
179665732
179637077
179617654
179640430
179366652
179647843
179649976
179647998
179640507
179649328
179664449
179664418
179649607
179604654
179654149
179649771
179649776
179650451
179652234
179664395
179664175
179653825
179649371
179641138
179639920
179633231
179660243
179664146
179666358
179668742
179658564
179649009
179649914
179653765
179651972
179675760
179673224
179673201
179676514
179649686
179671641
179671631
179671109
179664084
