179203490
179553696
179555974
179565635
179498818
179556924
179566992
179417989
179578109
179570262
179505931
179573273
179577047
179556682
179572462
179471199
179586937
179582499
179554627
179607247
179588258
179569588
179596700
179302710
179592348
179371152
179306858
179579208
179593073
179031330
179578486
179562737
179581854
179507064
179568363
179419585
179608944
179596516
179595842
179522146
179351371
179577218
179481834
179590698
179099797
179423089
179496201
179584646
179584832
179613179
179610330
179614581
179586307
179584912
179608562
179565257
179604238
179605117
179565361
179583084
179570799
179593659
179616818
179614947
179445810
179571872
179616119
