179719297
179717393
179727946
179721320
179722354
179729858
179718965
179718864
179711258
179725290
179720727
179726197
179728488
179722329
179721278
179716160
179729319
179724900
179719085
179669414
179749792
179657057
179737541
179734723
179713940
179360524
179756593
179731042
179652430
179729786
179744305
179728842
179744798
179632966
179723675
179747982
179745653
179747045
179756975
179736327
179759126
179725181
179678759
179755794
179726340
179755078
179764610
179759460
179631777
179675618
179765362
179768310
179762582
179756843
179755769
179773525
179761567
179760891
179741949
179760681
179764663
179725098
179765553
179768523
179747605
179769623
179767523
179559984
179762632
179766767
179747613
179742084
179775545
179747323
179774960
179773685
179768951
179776410
179770848
179778436
179778019
179770776
179771556
179778551
179778147
179769009
179741486
179773062
179725520
179776184
