179774723
179765220
179742166
179767311
179778501
179758976
179777603
179777658
179759434
179759873
179649069
179778043
179779575
179752184
179778663
179763288
179775495
179771371
153744186
179806763
179796650
179798499
179773276
179812403
179797401
179800233
179718516
179789441
179776987
179789262
179794947
179750126
179778936
179774933
178769209
179778025
179782375
179774084
179782778
179798294
179798576
179066779
179798531
179773396
179815812
179809352
179823780
179809378
179820558
179728742
179797220
179798375
179812286
179795575
179809966
179755717
179796785
179812579
179827378
179805681
179802293
179828323
179806099
179820525
179794480
179815661
179815980
