179365500
179368733
179364532
179363163
179369368
179361185
179300668
179343675
179287782
179380667
179137201
179378464
179249897
179375132
179379258
179374822
179377518
179235680
179354337
179358438
179373855
179334055
179288769
179363252
179382574
179363978
179379484
179366728
179287572
179364567
179340653
179378535
179378876
179370570
179244033
179379684
179380473
179366262
179353913
179369032
179370795
179359237
179370655
179353757
179357733
179357558
179383140
179390178
179393103
179403642
179384301
179397270
179383326
179381546
179409002
179382901
179370293
179374691
179379700
179398028
179370474
179401792
179370356
179403013
179400290
179402271
179371017
179390810
