179254100
179089786
179283767
179252130
179285329
179257525
179253673
179262089
179285550
179255876
179234406
179259506
179286151
179257958
179264351
179249866
179062218
179143334
179243833
179285823
179202094
179289409
179207477
179285667
179285386
179252669
179292354
179272658
179076253
179296247
179295344
179292336
179272302
179037129
179241797
179279094
179243933
179301718
179271091
179157736
179292307
179290447
179292349
179304680
179300056
179272314
179302058
179302157
179056017
179297528
179293244
179291972
179213394
179292018
179308628
179302338
179298169
