179207541
179203182
179210966
179149328
179210813
179210714
179068011
179212102
179156411
179210871
179203180
179211730
179195882
179189615
179189550
179202049
179142391
179178129
179230696
179176325
179234650
179235464
179191200
179193937
179201574
179205615
179204201
179149384
179220699
179233059
179235435
179233871
179210593
179213784
179217968
179063178
179191623
179143872
179219581
179222469
179204358
179205594
179219418
179238359
179233449
179243332
179245675
179031538
179238332
179138634
179234964
179242807
179176313
179235512
179123027
179237674
179238326
179223292
179234923
179166715
179245447
179131310
179190514
179243507
179144067
179171937
179243449
179253582
179235832
179250030
179106708
179235501
179199429
179235761
179253458
179250774
179249353
179045950
179076751
179246992
179241744
179224443
179242346
179056322
179243567
179142040
