179685431
179685277
179674907
179606481
179699350
179657034
179664207
179676441
179677765
179651863
179679605
179675860
179436939
179681397
156784271
179701641
179685066
179707716
179703965
179431447
179713880
179656165
179712286
179652962
179649575
179684809
179712118
179679018
179673259
179676957
179706911
179709536
179719871
179717391
179647952
179701926
179718565
179714268
179718528
179713616
179723096
179669444
179681152
179700058
179645749
179721001
179725307
179718574
179714137
179713965
179675562
179677505
179713703
179707239
179720656
179723662
179722897
179723422
