179828871
179796677
179824295
179743380
179847531
179795208
179843075
179827423
179840850
179848203
179844721
179843037
179843755
179844307
179726681
179833048
179834553
179839939
179848890
179835459
179846050
179836209
179840007
179843362
179843043
179844494
179840147
179842495
179829511
179821437
179844314
179828927
179809071
179820608
179851205
179812651
179856666
179875143
179848449
179871228
179867671
179844749
179858660
179875862
179873127
179870311
179857951
179721321
179860159
179845442
179849006
179845047
179853708
179847848
179870407
179811784
179859661
179850578
179859222
179853821
